(kicad_pcb (version 20171130) (host pcbnew "(5.1.8)-1")

  (general
    (thickness 1.6)
    (drawings 23)
    (tracks 218)
    (zones 0)
    (modules 31)
    (nets 45)
  )

  (page A4)
  (title_block
    (title HomeAssistantSpeaker)
    (date 2022-11-20)
    (rev A)
    (company "Paweł Warzecha")
  )

  (layers
    (0 F.Cu signal)
    (31 B.Cu signal)
    (32 B.Adhes user)
    (33 F.Adhes user)
    (34 B.Paste user)
    (35 F.Paste user)
    (36 B.SilkS user)
    (37 F.SilkS user)
    (38 B.Mask user)
    (39 F.Mask user)
    (40 Dwgs.User user)
    (41 Cmts.User user)
    (42 Eco1.User user)
    (43 Eco2.User user)
    (44 Edge.Cuts user)
    (45 Margin user)
    (46 B.CrtYd user)
    (47 F.CrtYd user)
    (48 B.Fab user)
    (49 F.Fab user)
  )

  (setup
    (last_trace_width 0.25)
    (user_trace_width 0.5)
    (trace_clearance 0.2)
    (zone_clearance 0.508)
    (zone_45_only no)
    (trace_min 0.2)
    (via_size 0.8)
    (via_drill 0.4)
    (via_min_size 0.4)
    (via_min_drill 0.3)
    (uvia_size 0.3)
    (uvia_drill 0.1)
    (uvias_allowed no)
    (uvia_min_size 0.2)
    (uvia_min_drill 0.1)
    (edge_width 0.05)
    (segment_width 0.2)
    (pcb_text_width 0.3)
    (pcb_text_size 1.5 1.5)
    (mod_edge_width 0.12)
    (mod_text_size 1 1)
    (mod_text_width 0.15)
    (pad_size 1.56 1.56)
    (pad_drill 0.96)
    (pad_to_mask_clearance 0)
    (aux_axis_origin 0 0)
    (visible_elements 7FFFFFFF)
    (pcbplotparams
      (layerselection 0x010fc_ffffffff)
      (usegerberextensions true)
      (usegerberattributes false)
      (usegerberadvancedattributes false)
      (creategerberjobfile false)
      (excludeedgelayer true)
      (linewidth 0.100000)
      (plotframeref false)
      (viasonmask false)
      (mode 1)
      (useauxorigin false)
      (hpglpennumber 1)
      (hpglpenspeed 20)
      (hpglpendiameter 15.000000)
      (psnegative false)
      (psa4output false)
      (plotreference true)
      (plotvalue false)
      (plotinvisibletext false)
      (padsonsilk false)
      (subtractmaskfromsilk true)
      (outputformat 1)
      (mirror false)
      (drillshape 0)
      (scaleselection 1)
      (outputdirectory "Gerbers/"))
  )

  (net 0 "")
  (net 1 +3V3)
  (net 2 GND)
  (net 3 +5V)
  (net 4 "Net-(C10-Pad1)")
  (net 5 "Net-(C11-Pad1)")
  (net 6 "Net-(FB1-Pad2)")
  (net 7 "Net-(FB2-Pad2)")
  (net 8 "Net-(J1-PadA5)")
  (net 9 "Net-(J1-PadB5)")
  (net 10 Tx)
  (net 11 Rx)
  (net 12 LED_DATA)
  (net 13 "Net-(JP1-Pad2)")
  (net 14 "Net-(JP2-Pad1)")
  (net 15 Mic_WS)
  (net 16 Mic_SD)
  (net 17 Mic_SCK)
  (net 18 Gain)
  (net 19 "Net-(U1-Pad4)")
  (net 20 "Net-(U1-Pad5)")
  (net 21 "Net-(U1-Pad6)")
  (net 22 "Net-(U1-Pad7)")
  (net 23 Speaker_din)
  (net 24 Speaker_bclk)
  (net 25 "Net-(U1-Pad17)")
  (net 26 "Net-(U1-Pad18)")
  (net 27 "Net-(U1-Pad19)")
  (net 28 "Net-(U1-Pad20)")
  (net 29 "Net-(U1-Pad21)")
  (net 30 "Net-(U1-Pad22)")
  (net 31 Speaker_lrclk)
  (net 32 "Net-(U1-Pad28)")
  (net 33 "Net-(U1-Pad29)")
  (net 34 "Net-(U1-Pad30)")
  (net 35 "Net-(U1-Pad31)")
  (net 36 "Net-(U1-Pad32)")
  (net 37 "Net-(U1-Pad33)")
  (net 38 "Net-(U1-Pad36)")
  (net 39 "Net-(U1-Pad37)")
  (net 40 "Net-(U1-Pad16)")
  (net 41 "Net-(U1-Pad23)")
  (net 42 "Net-(U1-Pad24)")
  (net 43 "Net-(U1-Pad27)")
  (net 44 "Net-(U1-Pad26)")

  (net_class Default "This is the default net class."
    (clearance 0.2)
    (trace_width 0.25)
    (via_dia 0.8)
    (via_drill 0.4)
    (uvia_dia 0.3)
    (uvia_drill 0.1)
    (add_net +3V3)
    (add_net +5V)
    (add_net GND)
    (add_net Gain)
    (add_net LED_DATA)
    (add_net Mic_SCK)
    (add_net Mic_SD)
    (add_net Mic_WS)
    (add_net "Net-(C10-Pad1)")
    (add_net "Net-(C11-Pad1)")
    (add_net "Net-(FB1-Pad2)")
    (add_net "Net-(FB2-Pad2)")
    (add_net "Net-(J1-PadA5)")
    (add_net "Net-(J1-PadB5)")
    (add_net "Net-(JP1-Pad2)")
    (add_net "Net-(JP2-Pad1)")
    (add_net "Net-(U1-Pad16)")
    (add_net "Net-(U1-Pad17)")
    (add_net "Net-(U1-Pad18)")
    (add_net "Net-(U1-Pad19)")
    (add_net "Net-(U1-Pad20)")
    (add_net "Net-(U1-Pad21)")
    (add_net "Net-(U1-Pad22)")
    (add_net "Net-(U1-Pad23)")
    (add_net "Net-(U1-Pad24)")
    (add_net "Net-(U1-Pad26)")
    (add_net "Net-(U1-Pad27)")
    (add_net "Net-(U1-Pad28)")
    (add_net "Net-(U1-Pad29)")
    (add_net "Net-(U1-Pad30)")
    (add_net "Net-(U1-Pad31)")
    (add_net "Net-(U1-Pad32)")
    (add_net "Net-(U1-Pad33)")
    (add_net "Net-(U1-Pad36)")
    (add_net "Net-(U1-Pad37)")
    (add_net "Net-(U1-Pad4)")
    (add_net "Net-(U1-Pad5)")
    (add_net "Net-(U1-Pad6)")
    (add_net "Net-(U1-Pad7)")
    (add_net Rx)
    (add_net Speaker_bclk)
    (add_net Speaker_din)
    (add_net Speaker_lrclk)
    (add_net Tx)
  )

  (module Connector_PinHeader_2.54mm:PinHeader_1x02_P2.54mm_Vertical (layer F.Cu) (tedit 637A84CD) (tstamp 637C8E9C)
    (at 98.7 122.5 90)
    (descr "Through hole straight pin header, 1x02, 2.54mm pitch, single row")
    (tags "Through hole pin header THT 1x02 2.54mm single row")
    (path /62F86F21)
    (fp_text reference J2 (at 0 -2.33 90) (layer F.SilkS) hide
      (effects (font (size 1 1) (thickness 0.15)))
    )
    (fp_text value Speaker (at 0 4.87 90) (layer F.Fab)
      (effects (font (size 1 1) (thickness 0.15)))
    )
    (fp_line (start -0.635 -1.27) (end 1.27 -1.27) (layer F.Fab) (width 0.1))
    (fp_line (start 1.27 -1.27) (end 1.27 3.81) (layer F.Fab) (width 0.1))
    (fp_line (start 1.27 3.81) (end -1.27 3.81) (layer F.Fab) (width 0.1))
    (fp_line (start -1.27 3.81) (end -1.27 -0.635) (layer F.Fab) (width 0.1))
    (fp_line (start -1.27 -0.635) (end -0.635 -1.27) (layer F.Fab) (width 0.1))
    (fp_line (start -1.8 -1.8) (end -1.8 4.35) (layer F.CrtYd) (width 0.05))
    (fp_line (start -1.8 4.35) (end 1.8 4.35) (layer F.CrtYd) (width 0.05))
    (fp_line (start 1.8 4.35) (end 1.8 -1.8) (layer F.CrtYd) (width 0.05))
    (fp_line (start 1.8 -1.8) (end -1.8 -1.8) (layer F.CrtYd) (width 0.05))
    (fp_text user %R (at 0 1.27 180) (layer F.Fab)
      (effects (font (size 1 1) (thickness 0.15)))
    )
    (pad 1 thru_hole rect (at 0 0 90) (size 1.7 1.7) (drill 1) (layers *.Cu *.Mask)
      (net 5 "Net-(C11-Pad1)"))
    (pad 2 thru_hole oval (at 0 2.54 90) (size 1.7 1.7) (drill 1) (layers *.Cu *.Mask)
      (net 4 "Net-(C10-Pad1)"))
    (model ${KISYS3DMOD}/Connector_PinHeader_2.54mm.3dshapes/PinHeader_1x02_P2.54mm_Vertical.wrl
      (at (xyz 0 0 0))
      (scale (xyz 1 1 1))
      (rotate (xyz 0 0 0))
    )
  )

  (module Connector_Harwin:Harwin_M20-89003xx_1x03_P2.54mm_Horizontal (layer F.Cu) (tedit 637A8371) (tstamp 637CAC31)
    (at 107 89.85 180)
    (descr "Harwin Male Horizontal Surface Mount Single Row 2.54mm (0.1 inch) Pitch PCB Connector, M20-89003xx, 3 Pins per row (https://cdn.harwin.com/pdfs/M20-890.pdf), generated with kicad-footprint-generator")
    (tags "connector Harwin M20-890 horizontal")
    (path /637AF99C)
    (attr smd)
    (fp_text reference J4 (at -0.48 -5.01 180) (layer F.SilkS)
      (effects (font (size 1 1) (thickness 0.15)))
    )
    (fp_text value LED (at -0.48 5.01 180) (layer F.Fab)
      (effects (font (size 1 1) (thickness 0.15)))
    )
    (fp_line (start -6.425 2.22) (end -6.425 2.86) (layer F.Fab) (width 0.1))
    (fp_line (start -6.425 -0.32) (end -6.425 0.32) (layer F.Fab) (width 0.1))
    (fp_line (start -6.425 -2.86) (end -6.425 -2.22) (layer F.Fab) (width 0.1))
    (pad 3 smd rect (at -5.525 2.54 180) (size 2.5 1) (layers F.Cu F.Paste F.Mask)
      (net 2 GND))
    (pad 2 smd rect (at -5.525 0 180) (size 2.5 1) (layers F.Cu F.Paste F.Mask)
      (net 12 LED_DATA))
    (pad 1 smd rect (at -5.525 -2.54 180) (size 2.5 1) (layers F.Cu F.Paste F.Mask)
      (net 3 +5V))
    (model ${KISYS3DMOD}/Connector_Harwin.3dshapes/Harwin_M20-89003xx_1x03_P2.54mm_Horizontal.wrl
      (at (xyz 0 0 0))
      (scale (xyz 1 1 1))
      (rotate (xyz 0 0 0))
    )
  )

  (module Connector_Harwin:Harwin_M20-89003xx_1x03_P2.54mm_Horizontal (layer F.Cu) (tedit 637A82B8) (tstamp 637CAA1D)
    (at 72 100 180)
    (descr "Harwin Male Horizontal Surface Mount Single Row 2.54mm (0.1 inch) Pitch PCB Connector, M20-89003xx, 3 Pins per row (https://cdn.harwin.com/pdfs/M20-890.pdf), generated with kicad-footprint-generator")
    (tags "connector Harwin M20-890 horizontal")
    (path /637B95F3)
    (attr smd)
    (fp_text reference J3 (at -0.48 -5.01 180) (layer F.SilkS) hide
      (effects (font (size 1 1) (thickness 0.15)))
    )
    (fp_text value Prog (at -0.48 5.01 180) (layer F.Fab) hide
      (effects (font (size 1 1) (thickness 0.15)))
    )
    (fp_line (start -6.425 -2.86) (end -6.425 -2.22) (layer F.Fab) (width 0.1))
    (fp_line (start -6.425 -0.32) (end -6.425 0.32) (layer F.Fab) (width 0.1))
    (fp_line (start -6.425 2.22) (end -6.425 2.86) (layer F.Fab) (width 0.1))
    (pad 1 smd rect (at -5.525 -2.54 180) (size 2.5 1) (layers F.Cu F.Paste F.Mask)
      (net 10 Tx))
    (pad 2 smd rect (at -5.525 0 180) (size 2.5 1) (layers F.Cu F.Paste F.Mask)
      (net 11 Rx))
    (pad 3 smd rect (at -5.525 2.54 180) (size 2.5 1) (layers F.Cu F.Paste F.Mask)
      (net 2 GND))
    (model ${KISYS3DMOD}/Connector_Harwin.3dshapes/Harwin_M20-89003xx_1x03_P2.54mm_Horizontal.wrl
      (at (xyz 0 0 0))
      (scale (xyz 1 1 1))
      (rotate (xyz 0 0 0))
    )
  )

  (module MountingHole:MountingHole_2.2mm_M2 (layer F.Cu) (tedit 56D1B4CB) (tstamp 637CCA59)
    (at 84 82.75)
    (descr "Mounting Hole 2.2mm, no annular, M2")
    (tags "mounting hole 2.2mm no annular m2")
    (attr virtual)
    (fp_text reference REF** (at 0 -3.2) (layer F.SilkS) hide
      (effects (font (size 1 1) (thickness 0.15)))
    )
    (fp_text value MountingHole_2.2mm_M2 (at 0 3.2) (layer F.Fab)
      (effects (font (size 1 1) (thickness 0.15)))
    )
    (fp_circle (center 0 0) (end 2.2 0) (layer Cmts.User) (width 0.15))
    (fp_circle (center 0 0) (end 2.45 0) (layer F.CrtYd) (width 0.05))
    (fp_text user %R (at 0.3 0) (layer F.Fab)
      (effects (font (size 1 1) (thickness 0.15)))
    )
    (pad 1 np_thru_hole circle (at 0 0) (size 2.2 2.2) (drill 2.2) (layers *.Cu *.Mask))
  )

  (module MountingHole:MountingHole_2.2mm_M2 (layer F.Cu) (tedit 56D1B4CB) (tstamp 637CFBFB)
    (at 84 117.25)
    (descr "Mounting Hole 2.2mm, no annular, M2")
    (tags "mounting hole 2.2mm no annular m2")
    (attr virtual)
    (fp_text reference REF** (at 0 -3.2) (layer F.SilkS) hide
      (effects (font (size 1 1) (thickness 0.15)))
    )
    (fp_text value MountingHole_2.2mm_M2 (at 0 3.2) (layer F.Fab)
      (effects (font (size 1 1) (thickness 0.15)))
    )
    (fp_circle (center 0 0) (end 2.45 0) (layer F.CrtYd) (width 0.05))
    (fp_circle (center 0 0) (end 2.2 0) (layer Cmts.User) (width 0.15))
    (fp_text user %R (at 0.3 0) (layer F.Fab)
      (effects (font (size 1 1) (thickness 0.15)))
    )
    (pad 1 np_thru_hole circle (at 0 0) (size 2.2 2.2) (drill 2.2) (layers *.Cu *.Mask))
  )

  (module RF_Module:ESP32-WROOM-32 (layer B.Cu) (tedit 5B5B4654) (tstamp 637CB659)
    (at 88.2 103 180)
    (descr "Single 2.4 GHz Wi-Fi and Bluetooth combo chip https://www.espressif.com/sites/default/files/documentation/esp32-wroom-32_datasheet_en.pdf")
    (tags "Single 2.4 GHz Wi-Fi and Bluetooth combo  chip")
    (path /6307AD5F)
    (attr smd)
    (fp_text reference U1 (at -10.61 -8.43 270) (layer B.SilkS)
      (effects (font (size 1 1) (thickness 0.15)) (justify mirror))
    )
    (fp_text value ESP32-WROOM-32 (at 0 -11.5) (layer B.Fab)
      (effects (font (size 1 1) (thickness 0.15)) (justify mirror))
    )
    (fp_line (start -14 9.97) (end -14 20.75) (layer Dwgs.User) (width 0.1))
    (fp_line (start 9 -9.76) (end 9 15.745) (layer B.Fab) (width 0.1))
    (fp_line (start -9 -9.76) (end 9 -9.76) (layer B.Fab) (width 0.1))
    (fp_line (start -9 15.745) (end -9 10.02) (layer B.Fab) (width 0.1))
    (fp_line (start -9 15.745) (end 9 15.745) (layer B.Fab) (width 0.1))
    (fp_line (start -9.75 -10.5) (end -9.75 9.72) (layer B.CrtYd) (width 0.05))
    (fp_line (start -9.75 -10.5) (end 9.75 -10.5) (layer B.CrtYd) (width 0.05))
    (fp_line (start 9.75 9.72) (end 9.75 -10.5) (layer B.CrtYd) (width 0.05))
    (fp_line (start -14.25 21) (end 14.25 21) (layer B.CrtYd) (width 0.05))
    (fp_line (start -9 9.02) (end -9 -9.76) (layer B.Fab) (width 0.1))
    (fp_line (start -8.5 9.52) (end -9 10.02) (layer B.Fab) (width 0.1))
    (fp_line (start -9 9.02) (end -8.5 9.52) (layer B.Fab) (width 0.1))
    (fp_line (start 14 9.97) (end -14 9.97) (layer Dwgs.User) (width 0.1))
    (fp_line (start 14 9.97) (end 14 20.75) (layer Dwgs.User) (width 0.1))
    (fp_line (start 14 20.75) (end -14 20.75) (layer Dwgs.User) (width 0.1))
    (fp_line (start -14.25 21) (end -14.25 9.72) (layer B.CrtYd) (width 0.05))
    (fp_line (start 14.25 21) (end 14.25 9.72) (layer B.CrtYd) (width 0.05))
    (fp_line (start -14.25 9.72) (end -9.75 9.72) (layer B.CrtYd) (width 0.05))
    (fp_line (start 9.75 9.72) (end 14.25 9.72) (layer B.CrtYd) (width 0.05))
    (fp_line (start -12.525 20.75) (end -14 19.66) (layer Dwgs.User) (width 0.1))
    (fp_line (start -10.525 20.75) (end -14 18.045) (layer Dwgs.User) (width 0.1))
    (fp_line (start -8.525 20.75) (end -14 16.43) (layer Dwgs.User) (width 0.1))
    (fp_line (start -6.525 20.75) (end -14 14.815) (layer Dwgs.User) (width 0.1))
    (fp_line (start -4.525 20.75) (end -14 13.2) (layer Dwgs.User) (width 0.1))
    (fp_line (start -2.525 20.75) (end -14 11.585) (layer Dwgs.User) (width 0.1))
    (fp_line (start -0.525 20.75) (end -14 9.97) (layer Dwgs.User) (width 0.1))
    (fp_line (start 1.475 20.75) (end -12 9.97) (layer Dwgs.User) (width 0.1))
    (fp_line (start 3.475 20.75) (end -10 9.97) (layer Dwgs.User) (width 0.1))
    (fp_line (start -8 9.97) (end 5.475 20.75) (layer Dwgs.User) (width 0.1))
    (fp_line (start 7.475 20.75) (end -6 9.97) (layer Dwgs.User) (width 0.1))
    (fp_line (start 9.475 20.75) (end -4 9.97) (layer Dwgs.User) (width 0.1))
    (fp_line (start 11.475 20.75) (end -2 9.97) (layer Dwgs.User) (width 0.1))
    (fp_line (start 13.475 20.75) (end 0 9.97) (layer Dwgs.User) (width 0.1))
    (fp_line (start 14 19.66) (end 2 9.97) (layer Dwgs.User) (width 0.1))
    (fp_line (start 14 18.045) (end 4 9.97) (layer Dwgs.User) (width 0.1))
    (fp_line (start 14 16.43) (end 6 9.97) (layer Dwgs.User) (width 0.1))
    (fp_line (start 14 14.815) (end 8 9.97) (layer Dwgs.User) (width 0.1))
    (fp_line (start 14 13.2) (end 10 9.97) (layer Dwgs.User) (width 0.1))
    (fp_line (start 14 11.585) (end 12 9.97) (layer Dwgs.User) (width 0.1))
    (fp_line (start 9.2 13.875) (end 13.8 13.875) (layer Cmts.User) (width 0.1))
    (fp_line (start 13.8 13.875) (end 13.6 14.075) (layer Cmts.User) (width 0.1))
    (fp_line (start 13.8 13.875) (end 13.6 13.675) (layer Cmts.User) (width 0.1))
    (fp_line (start 9.2 13.875) (end 9.4 14.075) (layer Cmts.User) (width 0.1))
    (fp_line (start 9.2 13.875) (end 9.4 13.675) (layer Cmts.User) (width 0.1))
    (fp_line (start -13.8 13.875) (end -13.6 14.075) (layer Cmts.User) (width 0.1))
    (fp_line (start -13.8 13.875) (end -13.6 13.675) (layer Cmts.User) (width 0.1))
    (fp_line (start -9.2 13.875) (end -9.4 13.675) (layer Cmts.User) (width 0.1))
    (fp_line (start -13.8 13.875) (end -9.2 13.875) (layer Cmts.User) (width 0.1))
    (fp_line (start -9.2 13.875) (end -9.4 14.075) (layer Cmts.User) (width 0.1))
    (fp_line (start 8.4 16) (end 8.2 16.2) (layer Cmts.User) (width 0.1))
    (fp_line (start 8.4 16) (end 8.6 16.2) (layer Cmts.User) (width 0.1))
    (fp_line (start 8.4 20.6) (end 8.6 20.4) (layer Cmts.User) (width 0.1))
    (fp_line (start 8.4 16) (end 8.4 20.6) (layer Cmts.User) (width 0.1))
    (fp_line (start 8.4 20.6) (end 8.2 20.4) (layer Cmts.User) (width 0.1))
    (fp_line (start -9.12 -9.1) (end -9.12 -9.88) (layer B.SilkS) (width 0.12))
    (fp_line (start -9.12 -9.88) (end -8.12 -9.88) (layer B.SilkS) (width 0.12))
    (fp_line (start 9.12 -9.1) (end 9.12 -9.88) (layer B.SilkS) (width 0.12))
    (fp_line (start 9.12 -9.88) (end 8.12 -9.88) (layer B.SilkS) (width 0.12))
    (fp_line (start -9.12 15.865) (end 9.12 15.865) (layer B.SilkS) (width 0.12))
    (fp_line (start 9.12 15.865) (end 9.12 9.445) (layer B.SilkS) (width 0.12))
    (fp_line (start -9.12 15.865) (end -9.12 9.445) (layer B.SilkS) (width 0.12))
    (fp_line (start -9.12 9.445) (end -9.5 9.445) (layer B.SilkS) (width 0.12))
    (fp_text user %R (at 0 0) (layer B.Fab)
      (effects (font (size 1 1) (thickness 0.15)) (justify mirror))
    )
    (fp_text user "KEEP-OUT ZONE" (at 0 19) (layer Cmts.User)
      (effects (font (size 1 1) (thickness 0.15)))
    )
    (fp_text user Antenna (at 0 13) (layer Cmts.User)
      (effects (font (size 1 1) (thickness 0.15)))
    )
    (fp_text user "5 mm" (at 11.8 14.375) (layer Cmts.User)
      (effects (font (size 0.5 0.5) (thickness 0.1)))
    )
    (fp_text user "5 mm" (at -11.2 14.375) (layer Cmts.User)
      (effects (font (size 0.5 0.5) (thickness 0.1)))
    )
    (fp_text user "5 mm" (at 7.8 19.075 270) (layer Cmts.User)
      (effects (font (size 0.5 0.5) (thickness 0.1)))
    )
    (pad 39 smd rect (at -1 0.755 180) (size 5 5) (layers B.Cu B.Paste B.Mask)
      (net 2 GND))
    (pad 1 smd rect (at -8.5 8.255 180) (size 2 0.9) (layers B.Cu B.Paste B.Mask)
      (net 2 GND))
    (pad 2 smd rect (at -8.5 6.985 180) (size 2 0.9) (layers B.Cu B.Paste B.Mask)
      (net 1 +3V3))
    (pad 3 smd rect (at -8.5 5.715 180) (size 2 0.9) (layers B.Cu B.Paste B.Mask)
      (net 13 "Net-(JP1-Pad2)"))
    (pad 4 smd rect (at -8.5 4.445 180) (size 2 0.9) (layers B.Cu B.Paste B.Mask)
      (net 19 "Net-(U1-Pad4)"))
    (pad 5 smd rect (at -8.5 3.175 180) (size 2 0.9) (layers B.Cu B.Paste B.Mask)
      (net 20 "Net-(U1-Pad5)"))
    (pad 6 smd rect (at -8.5 1.905 180) (size 2 0.9) (layers B.Cu B.Paste B.Mask)
      (net 21 "Net-(U1-Pad6)"))
    (pad 7 smd rect (at -8.5 0.635 180) (size 2 0.9) (layers B.Cu B.Paste B.Mask)
      (net 22 "Net-(U1-Pad7)"))
    (pad 8 smd rect (at -8.5 -0.635 180) (size 2 0.9) (layers B.Cu B.Paste B.Mask)
      (net 15 Mic_WS))
    (pad 9 smd rect (at -8.5 -1.905 180) (size 2 0.9) (layers B.Cu B.Paste B.Mask)
      (net 16 Mic_SD))
    (pad 10 smd rect (at -8.5 -3.175 180) (size 2 0.9) (layers B.Cu B.Paste B.Mask)
      (net 17 Mic_SCK))
    (pad 11 smd rect (at -8.5 -4.445 180) (size 2 0.9) (layers B.Cu B.Paste B.Mask)
      (net 12 LED_DATA))
    (pad 12 smd rect (at -8.5 -5.715 180) (size 2 0.9) (layers B.Cu B.Paste B.Mask)
      (net 23 Speaker_din))
    (pad 13 smd rect (at -8.5 -6.985 180) (size 2 0.9) (layers B.Cu B.Paste B.Mask)
      (net 24 Speaker_bclk))
    (pad 14 smd rect (at -8.5 -8.255 180) (size 2 0.9) (layers B.Cu B.Paste B.Mask)
      (net 31 Speaker_lrclk))
    (pad 15 smd rect (at -5.715 -9.255 90) (size 2 0.9) (layers B.Cu B.Paste B.Mask)
      (net 2 GND))
    (pad 16 smd rect (at -4.445 -9.255 90) (size 2 0.9) (layers B.Cu B.Paste B.Mask)
      (net 40 "Net-(U1-Pad16)"))
    (pad 17 smd rect (at -3.175 -9.255 90) (size 2 0.9) (layers B.Cu B.Paste B.Mask)
      (net 25 "Net-(U1-Pad17)"))
    (pad 18 smd rect (at -1.905 -9.255 90) (size 2 0.9) (layers B.Cu B.Paste B.Mask)
      (net 26 "Net-(U1-Pad18)"))
    (pad 19 smd rect (at -0.635 -9.255 90) (size 2 0.9) (layers B.Cu B.Paste B.Mask)
      (net 27 "Net-(U1-Pad19)"))
    (pad 20 smd rect (at 0.635 -9.255 90) (size 2 0.9) (layers B.Cu B.Paste B.Mask)
      (net 28 "Net-(U1-Pad20)"))
    (pad 21 smd rect (at 1.905 -9.255 90) (size 2 0.9) (layers B.Cu B.Paste B.Mask)
      (net 29 "Net-(U1-Pad21)"))
    (pad 22 smd rect (at 3.175 -9.255 90) (size 2 0.9) (layers B.Cu B.Paste B.Mask)
      (net 30 "Net-(U1-Pad22)"))
    (pad 23 smd rect (at 4.445 -9.255 90) (size 2 0.9) (layers B.Cu B.Paste B.Mask)
      (net 41 "Net-(U1-Pad23)"))
    (pad 24 smd rect (at 5.715 -9.255 90) (size 2 0.9) (layers B.Cu B.Paste B.Mask)
      (net 42 "Net-(U1-Pad24)"))
    (pad 25 smd rect (at 8.5 -8.255 180) (size 2 0.9) (layers B.Cu B.Paste B.Mask)
      (net 14 "Net-(JP2-Pad1)"))
    (pad 26 smd rect (at 8.5 -6.985 180) (size 2 0.9) (layers B.Cu B.Paste B.Mask)
      (net 44 "Net-(U1-Pad26)"))
    (pad 27 smd rect (at 8.5 -5.715 180) (size 2 0.9) (layers B.Cu B.Paste B.Mask)
      (net 43 "Net-(U1-Pad27)"))
    (pad 28 smd rect (at 8.5 -4.445 180) (size 2 0.9) (layers B.Cu B.Paste B.Mask)
      (net 32 "Net-(U1-Pad28)"))
    (pad 29 smd rect (at 8.5 -3.175 180) (size 2 0.9) (layers B.Cu B.Paste B.Mask)
      (net 33 "Net-(U1-Pad29)"))
    (pad 30 smd rect (at 8.5 -1.905 180) (size 2 0.9) (layers B.Cu B.Paste B.Mask)
      (net 34 "Net-(U1-Pad30)"))
    (pad 31 smd rect (at 8.5 -0.635 180) (size 2 0.9) (layers B.Cu B.Paste B.Mask)
      (net 35 "Net-(U1-Pad31)"))
    (pad 32 smd rect (at 8.5 0.635 180) (size 2 0.9) (layers B.Cu B.Paste B.Mask)
      (net 36 "Net-(U1-Pad32)"))
    (pad 33 smd rect (at 8.5 1.905 180) (size 2 0.9) (layers B.Cu B.Paste B.Mask)
      (net 37 "Net-(U1-Pad33)"))
    (pad 34 smd rect (at 8.5 3.175 180) (size 2 0.9) (layers B.Cu B.Paste B.Mask)
      (net 11 Rx))
    (pad 35 smd rect (at 8.5 4.445 180) (size 2 0.9) (layers B.Cu B.Paste B.Mask)
      (net 10 Tx))
    (pad 36 smd rect (at 8.5 5.715 180) (size 2 0.9) (layers B.Cu B.Paste B.Mask)
      (net 38 "Net-(U1-Pad36)"))
    (pad 37 smd rect (at 8.5 6.985 180) (size 2 0.9) (layers B.Cu B.Paste B.Mask)
      (net 39 "Net-(U1-Pad37)"))
    (pad 38 smd rect (at 8.5 8.255 180) (size 2 0.9) (layers B.Cu B.Paste B.Mask)
      (net 2 GND))
    (model ${KISYS3DMOD}/RF_Module.3dshapes/ESP32-WROOM-32.wrl
      (at (xyz 0 0 0))
      (scale (xyz 1 1 1))
      (rotate (xyz 0 0 0))
    )
  )

  (module Capacitor_SMD:C_0805_2012Metric (layer F.Cu) (tedit 5F68FEEE) (tstamp 637C714C)
    (at 96.7 96.35 180)
    (descr "Capacitor SMD 0805 (2012 Metric), square (rectangular) end terminal, IPC_7351 nominal, (Body size source: IPC-SM-782 page 76, https://www.pcb-3d.com/wordpress/wp-content/uploads/ipc-sm-782a_amendment_1_and_2.pdf, https://docs.google.com/spreadsheets/d/1BsfQQcO9C6DZCsRaXUlFlo91Tg2WpOkGARC1WS5S8t0/edit?usp=sharing), generated with kicad-footprint-generator")
    (tags capacitor)
    (path /637D4BDD)
    (attr smd)
    (fp_text reference C2 (at 0 -1.68) (layer F.SilkS)
      (effects (font (size 1 1) (thickness 0.15)))
    )
    (fp_text value 10u (at 0 1.68) (layer F.Fab)
      (effects (font (size 1 1) (thickness 0.15)))
    )
    (fp_line (start 1.7 0.98) (end -1.7 0.98) (layer F.CrtYd) (width 0.05))
    (fp_line (start 1.7 -0.98) (end 1.7 0.98) (layer F.CrtYd) (width 0.05))
    (fp_line (start -1.7 -0.98) (end 1.7 -0.98) (layer F.CrtYd) (width 0.05))
    (fp_line (start -1.7 0.98) (end -1.7 -0.98) (layer F.CrtYd) (width 0.05))
    (fp_line (start -0.261252 0.735) (end 0.261252 0.735) (layer F.SilkS) (width 0.12))
    (fp_line (start -0.261252 -0.735) (end 0.261252 -0.735) (layer F.SilkS) (width 0.12))
    (fp_line (start 1 0.625) (end -1 0.625) (layer F.Fab) (width 0.1))
    (fp_line (start 1 -0.625) (end 1 0.625) (layer F.Fab) (width 0.1))
    (fp_line (start -1 -0.625) (end 1 -0.625) (layer F.Fab) (width 0.1))
    (fp_line (start -1 0.625) (end -1 -0.625) (layer F.Fab) (width 0.1))
    (fp_text user %R (at 0 0) (layer F.Fab)
      (effects (font (size 0.5 0.5) (thickness 0.08)))
    )
    (pad 2 smd roundrect (at 0.95 0 180) (size 1 1.45) (layers F.Cu F.Paste F.Mask) (roundrect_rratio 0.25)
      (net 2 GND))
    (pad 1 smd roundrect (at -0.95 0 180) (size 1 1.45) (layers F.Cu F.Paste F.Mask) (roundrect_rratio 0.25)
      (net 1 +3V3))
    (model ${KISYS3DMOD}/Capacitor_SMD.3dshapes/C_0805_2012Metric.wrl
      (at (xyz 0 0 0))
      (scale (xyz 1 1 1))
      (rotate (xyz 0 0 0))
    )
  )

  (module Capacitor_SMD:C_0805_2012Metric (layer F.Cu) (tedit 5F68FEEE) (tstamp 637CAED1)
    (at 96.7 94.35 180)
    (descr "Capacitor SMD 0805 (2012 Metric), square (rectangular) end terminal, IPC_7351 nominal, (Body size source: IPC-SM-782 page 76, https://www.pcb-3d.com/wordpress/wp-content/uploads/ipc-sm-782a_amendment_1_and_2.pdf, https://docs.google.com/spreadsheets/d/1BsfQQcO9C6DZCsRaXUlFlo91Tg2WpOkGARC1WS5S8t0/edit?usp=sharing), generated with kicad-footprint-generator")
    (tags capacitor)
    (path /637D423E)
    (attr smd)
    (fp_text reference C1 (at 0 1.6) (layer F.SilkS)
      (effects (font (size 1 1) (thickness 0.15)))
    )
    (fp_text value 100n (at 0 1.68) (layer F.Fab)
      (effects (font (size 1 1) (thickness 0.15)))
    )
    (fp_line (start -1 0.625) (end -1 -0.625) (layer F.Fab) (width 0.1))
    (fp_line (start -1 -0.625) (end 1 -0.625) (layer F.Fab) (width 0.1))
    (fp_line (start 1 -0.625) (end 1 0.625) (layer F.Fab) (width 0.1))
    (fp_line (start 1 0.625) (end -1 0.625) (layer F.Fab) (width 0.1))
    (fp_line (start -0.261252 -0.735) (end 0.261252 -0.735) (layer F.SilkS) (width 0.12))
    (fp_line (start -0.261252 0.735) (end 0.261252 0.735) (layer F.SilkS) (width 0.12))
    (fp_line (start -1.7 0.98) (end -1.7 -0.98) (layer F.CrtYd) (width 0.05))
    (fp_line (start -1.7 -0.98) (end 1.7 -0.98) (layer F.CrtYd) (width 0.05))
    (fp_line (start 1.7 -0.98) (end 1.7 0.98) (layer F.CrtYd) (width 0.05))
    (fp_line (start 1.7 0.98) (end -1.7 0.98) (layer F.CrtYd) (width 0.05))
    (fp_text user %R (at 0 0) (layer F.Fab)
      (effects (font (size 0.5 0.5) (thickness 0.08)))
    )
    (pad 1 smd roundrect (at -0.95 0 180) (size 1 1.45) (layers F.Cu F.Paste F.Mask) (roundrect_rratio 0.25)
      (net 1 +3V3))
    (pad 2 smd roundrect (at 0.95 0 180) (size 1 1.45) (layers F.Cu F.Paste F.Mask) (roundrect_rratio 0.25)
      (net 2 GND))
    (model ${KISYS3DMOD}/Capacitor_SMD.3dshapes/C_0805_2012Metric.wrl
      (at (xyz 0 0 0))
      (scale (xyz 1 1 1))
      (rotate (xyz 0 0 0))
    )
  )

  (module Capacitor_SMD:C_0805_2012Metric (layer F.Cu) (tedit 5F68FEEE) (tstamp 637D046A)
    (at 116.9 95.9 90)
    (descr "Capacitor SMD 0805 (2012 Metric), square (rectangular) end terminal, IPC_7351 nominal, (Body size source: IPC-SM-782 page 76, https://www.pcb-3d.com/wordpress/wp-content/uploads/ipc-sm-782a_amendment_1_and_2.pdf, https://docs.google.com/spreadsheets/d/1BsfQQcO9C6DZCsRaXUlFlo91Tg2WpOkGARC1WS5S8t0/edit?usp=sharing), generated with kicad-footprint-generator")
    (tags capacitor)
    (path /637C7AC8)
    (attr smd)
    (fp_text reference C3 (at 0 -1.68 90) (layer F.SilkS)
      (effects (font (size 1 1) (thickness 0.15)))
    )
    (fp_text value 100n (at 0 1.68 90) (layer F.Fab)
      (effects (font (size 1 1) (thickness 0.15)))
    )
    (fp_line (start -1 0.625) (end -1 -0.625) (layer F.Fab) (width 0.1))
    (fp_line (start -1 -0.625) (end 1 -0.625) (layer F.Fab) (width 0.1))
    (fp_line (start 1 -0.625) (end 1 0.625) (layer F.Fab) (width 0.1))
    (fp_line (start 1 0.625) (end -1 0.625) (layer F.Fab) (width 0.1))
    (fp_line (start -0.261252 -0.735) (end 0.261252 -0.735) (layer F.SilkS) (width 0.12))
    (fp_line (start -0.261252 0.735) (end 0.261252 0.735) (layer F.SilkS) (width 0.12))
    (fp_line (start -1.7 0.98) (end -1.7 -0.98) (layer F.CrtYd) (width 0.05))
    (fp_line (start -1.7 -0.98) (end 1.7 -0.98) (layer F.CrtYd) (width 0.05))
    (fp_line (start 1.7 -0.98) (end 1.7 0.98) (layer F.CrtYd) (width 0.05))
    (fp_line (start 1.7 0.98) (end -1.7 0.98) (layer F.CrtYd) (width 0.05))
    (fp_text user %R (at 0 0 90) (layer F.Fab)
      (effects (font (size 0.5 0.5) (thickness 0.08)))
    )
    (pad 1 smd roundrect (at -0.95 0 90) (size 1 1.45) (layers F.Cu F.Paste F.Mask) (roundrect_rratio 0.25)
      (net 3 +5V))
    (pad 2 smd roundrect (at 0.95 0 90) (size 1 1.45) (layers F.Cu F.Paste F.Mask) (roundrect_rratio 0.25)
      (net 2 GND))
    (model ${KISYS3DMOD}/Capacitor_SMD.3dshapes/C_0805_2012Metric.wrl
      (at (xyz 0 0 0))
      (scale (xyz 1 1 1))
      (rotate (xyz 0 0 0))
    )
  )

  (module Capacitor_SMD:C_0805_2012Metric (layer F.Cu) (tedit 5F68FEEE) (tstamp 637CD738)
    (at 112.75 95.9 90)
    (descr "Capacitor SMD 0805 (2012 Metric), square (rectangular) end terminal, IPC_7351 nominal, (Body size source: IPC-SM-782 page 76, https://www.pcb-3d.com/wordpress/wp-content/uploads/ipc-sm-782a_amendment_1_and_2.pdf, https://docs.google.com/spreadsheets/d/1BsfQQcO9C6DZCsRaXUlFlo91Tg2WpOkGARC1WS5S8t0/edit?usp=sharing), generated with kicad-footprint-generator")
    (tags capacitor)
    (path /637C6D6B)
    (attr smd)
    (fp_text reference C4 (at 0 -1.68 90) (layer F.SilkS)
      (effects (font (size 1 1) (thickness 0.15)))
    )
    (fp_text value 10u (at 0 1.68 90) (layer F.Fab)
      (effects (font (size 1 1) (thickness 0.15)))
    )
    (fp_line (start 1.7 0.98) (end -1.7 0.98) (layer F.CrtYd) (width 0.05))
    (fp_line (start 1.7 -0.98) (end 1.7 0.98) (layer F.CrtYd) (width 0.05))
    (fp_line (start -1.7 -0.98) (end 1.7 -0.98) (layer F.CrtYd) (width 0.05))
    (fp_line (start -1.7 0.98) (end -1.7 -0.98) (layer F.CrtYd) (width 0.05))
    (fp_line (start -0.261252 0.735) (end 0.261252 0.735) (layer F.SilkS) (width 0.12))
    (fp_line (start -0.261252 -0.735) (end 0.261252 -0.735) (layer F.SilkS) (width 0.12))
    (fp_line (start 1 0.625) (end -1 0.625) (layer F.Fab) (width 0.1))
    (fp_line (start 1 -0.625) (end 1 0.625) (layer F.Fab) (width 0.1))
    (fp_line (start -1 -0.625) (end 1 -0.625) (layer F.Fab) (width 0.1))
    (fp_line (start -1 0.625) (end -1 -0.625) (layer F.Fab) (width 0.1))
    (fp_text user %R (at 0 0 90) (layer F.Fab)
      (effects (font (size 0.5 0.5) (thickness 0.08)))
    )
    (pad 2 smd roundrect (at 0.95 0 90) (size 1 1.45) (layers F.Cu F.Paste F.Mask) (roundrect_rratio 0.25)
      (net 2 GND))
    (pad 1 smd roundrect (at -0.95 0 90) (size 1 1.45) (layers F.Cu F.Paste F.Mask) (roundrect_rratio 0.25)
      (net 3 +5V))
    (model ${KISYS3DMOD}/Capacitor_SMD.3dshapes/C_0805_2012Metric.wrl
      (at (xyz 0 0 0))
      (scale (xyz 1 1 1))
      (rotate (xyz 0 0 0))
    )
  )

  (module Capacitor_SMD:C_0805_2012Metric (layer F.Cu) (tedit 5F68FEEE) (tstamp 637CDBC6)
    (at 110.85 99.1 180)
    (descr "Capacitor SMD 0805 (2012 Metric), square (rectangular) end terminal, IPC_7351 nominal, (Body size source: IPC-SM-782 page 76, https://www.pcb-3d.com/wordpress/wp-content/uploads/ipc-sm-782a_amendment_1_and_2.pdf, https://docs.google.com/spreadsheets/d/1BsfQQcO9C6DZCsRaXUlFlo91Tg2WpOkGARC1WS5S8t0/edit?usp=sharing), generated with kicad-footprint-generator")
    (tags capacitor)
    (path /637C7E70)
    (attr smd)
    (fp_text reference C5 (at 0 1.6) (layer F.SilkS)
      (effects (font (size 1 1) (thickness 0.15)))
    )
    (fp_text value 100n (at 0 1.68) (layer F.Fab)
      (effects (font (size 1 1) (thickness 0.15)))
    )
    (fp_line (start 1.7 0.98) (end -1.7 0.98) (layer F.CrtYd) (width 0.05))
    (fp_line (start 1.7 -0.98) (end 1.7 0.98) (layer F.CrtYd) (width 0.05))
    (fp_line (start -1.7 -0.98) (end 1.7 -0.98) (layer F.CrtYd) (width 0.05))
    (fp_line (start -1.7 0.98) (end -1.7 -0.98) (layer F.CrtYd) (width 0.05))
    (fp_line (start -0.261252 0.735) (end 0.261252 0.735) (layer F.SilkS) (width 0.12))
    (fp_line (start -0.261252 -0.735) (end 0.261252 -0.735) (layer F.SilkS) (width 0.12))
    (fp_line (start 1 0.625) (end -1 0.625) (layer F.Fab) (width 0.1))
    (fp_line (start 1 -0.625) (end 1 0.625) (layer F.Fab) (width 0.1))
    (fp_line (start -1 -0.625) (end 1 -0.625) (layer F.Fab) (width 0.1))
    (fp_line (start -1 0.625) (end -1 -0.625) (layer F.Fab) (width 0.1))
    (fp_text user %R (at 0 0) (layer F.Fab)
      (effects (font (size 0.5 0.5) (thickness 0.08)))
    )
    (pad 2 smd roundrect (at 0.95 0 180) (size 1 1.45) (layers F.Cu F.Paste F.Mask) (roundrect_rratio 0.25)
      (net 2 GND))
    (pad 1 smd roundrect (at -0.95 0 180) (size 1 1.45) (layers F.Cu F.Paste F.Mask) (roundrect_rratio 0.25)
      (net 1 +3V3))
    (model ${KISYS3DMOD}/Capacitor_SMD.3dshapes/C_0805_2012Metric.wrl
      (at (xyz 0 0 0))
      (scale (xyz 1 1 1))
      (rotate (xyz 0 0 0))
    )
  )

  (module Capacitor_SMD:C_0805_2012Metric (layer F.Cu) (tedit 5F68FEEE) (tstamp 637C7190)
    (at 110.85 101.1 180)
    (descr "Capacitor SMD 0805 (2012 Metric), square (rectangular) end terminal, IPC_7351 nominal, (Body size source: IPC-SM-782 page 76, https://www.pcb-3d.com/wordpress/wp-content/uploads/ipc-sm-782a_amendment_1_and_2.pdf, https://docs.google.com/spreadsheets/d/1BsfQQcO9C6DZCsRaXUlFlo91Tg2WpOkGARC1WS5S8t0/edit?usp=sharing), generated with kicad-footprint-generator")
    (tags capacitor)
    (path /637C8506)
    (attr smd)
    (fp_text reference C6 (at 0 -1.68) (layer F.SilkS)
      (effects (font (size 1 1) (thickness 0.15)))
    )
    (fp_text value 10u (at 0 1.68) (layer F.Fab)
      (effects (font (size 1 1) (thickness 0.15)))
    )
    (fp_line (start -1 0.625) (end -1 -0.625) (layer F.Fab) (width 0.1))
    (fp_line (start -1 -0.625) (end 1 -0.625) (layer F.Fab) (width 0.1))
    (fp_line (start 1 -0.625) (end 1 0.625) (layer F.Fab) (width 0.1))
    (fp_line (start 1 0.625) (end -1 0.625) (layer F.Fab) (width 0.1))
    (fp_line (start -0.261252 -0.735) (end 0.261252 -0.735) (layer F.SilkS) (width 0.12))
    (fp_line (start -0.261252 0.735) (end 0.261252 0.735) (layer F.SilkS) (width 0.12))
    (fp_line (start -1.7 0.98) (end -1.7 -0.98) (layer F.CrtYd) (width 0.05))
    (fp_line (start -1.7 -0.98) (end 1.7 -0.98) (layer F.CrtYd) (width 0.05))
    (fp_line (start 1.7 -0.98) (end 1.7 0.98) (layer F.CrtYd) (width 0.05))
    (fp_line (start 1.7 0.98) (end -1.7 0.98) (layer F.CrtYd) (width 0.05))
    (fp_text user %R (at 0 0) (layer F.Fab)
      (effects (font (size 0.5 0.5) (thickness 0.08)))
    )
    (pad 1 smd roundrect (at -0.95 0 180) (size 1 1.45) (layers F.Cu F.Paste F.Mask) (roundrect_rratio 0.25)
      (net 1 +3V3))
    (pad 2 smd roundrect (at 0.95 0 180) (size 1 1.45) (layers F.Cu F.Paste F.Mask) (roundrect_rratio 0.25)
      (net 2 GND))
    (model ${KISYS3DMOD}/Capacitor_SMD.3dshapes/C_0805_2012Metric.wrl
      (at (xyz 0 0 0))
      (scale (xyz 1 1 1))
      (rotate (xyz 0 0 0))
    )
  )

  (module Capacitor_SMD:C_0805_2012Metric (layer F.Cu) (tedit 5F68FEEE) (tstamp 637CA25A)
    (at 104.3 111.4 180)
    (descr "Capacitor SMD 0805 (2012 Metric), square (rectangular) end terminal, IPC_7351 nominal, (Body size source: IPC-SM-782 page 76, https://www.pcb-3d.com/wordpress/wp-content/uploads/ipc-sm-782a_amendment_1_and_2.pdf, https://docs.google.com/spreadsheets/d/1BsfQQcO9C6DZCsRaXUlFlo91Tg2WpOkGARC1WS5S8t0/edit?usp=sharing), generated with kicad-footprint-generator")
    (tags capacitor)
    (path /63810C84)
    (attr smd)
    (fp_text reference C7 (at 0 1.6) (layer F.SilkS)
      (effects (font (size 1 1) (thickness 0.15)))
    )
    (fp_text value 100n (at 0 1.68) (layer F.Fab)
      (effects (font (size 1 1) (thickness 0.15)))
    )
    (fp_line (start 1.7 0.98) (end -1.7 0.98) (layer F.CrtYd) (width 0.05))
    (fp_line (start 1.7 -0.98) (end 1.7 0.98) (layer F.CrtYd) (width 0.05))
    (fp_line (start -1.7 -0.98) (end 1.7 -0.98) (layer F.CrtYd) (width 0.05))
    (fp_line (start -1.7 0.98) (end -1.7 -0.98) (layer F.CrtYd) (width 0.05))
    (fp_line (start -0.261252 0.735) (end 0.261252 0.735) (layer F.SilkS) (width 0.12))
    (fp_line (start -0.261252 -0.735) (end 0.261252 -0.735) (layer F.SilkS) (width 0.12))
    (fp_line (start 1 0.625) (end -1 0.625) (layer F.Fab) (width 0.1))
    (fp_line (start 1 -0.625) (end 1 0.625) (layer F.Fab) (width 0.1))
    (fp_line (start -1 -0.625) (end 1 -0.625) (layer F.Fab) (width 0.1))
    (fp_line (start -1 0.625) (end -1 -0.625) (layer F.Fab) (width 0.1))
    (fp_text user %R (at 0 0) (layer F.Fab)
      (effects (font (size 0.5 0.5) (thickness 0.08)))
    )
    (pad 2 smd roundrect (at 0.95 0 180) (size 1 1.45) (layers F.Cu F.Paste F.Mask) (roundrect_rratio 0.25)
      (net 2 GND))
    (pad 1 smd roundrect (at -0.95 0 180) (size 1 1.45) (layers F.Cu F.Paste F.Mask) (roundrect_rratio 0.25)
      (net 3 +5V))
    (model ${KISYS3DMOD}/Capacitor_SMD.3dshapes/C_0805_2012Metric.wrl
      (at (xyz 0 0 0))
      (scale (xyz 1 1 1))
      (rotate (xyz 0 0 0))
    )
  )

  (module Capacitor_SMD:C_0805_2012Metric (layer F.Cu) (tedit 5F68FEEE) (tstamp 637CA2CC)
    (at 104.3 113.4 180)
    (descr "Capacitor SMD 0805 (2012 Metric), square (rectangular) end terminal, IPC_7351 nominal, (Body size source: IPC-SM-782 page 76, https://www.pcb-3d.com/wordpress/wp-content/uploads/ipc-sm-782a_amendment_1_and_2.pdf, https://docs.google.com/spreadsheets/d/1BsfQQcO9C6DZCsRaXUlFlo91Tg2WpOkGARC1WS5S8t0/edit?usp=sharing), generated with kicad-footprint-generator")
    (tags capacitor)
    (path /63810C8A)
    (attr smd)
    (fp_text reference C8 (at 0 -1.68) (layer F.SilkS)
      (effects (font (size 1 1) (thickness 0.15)))
    )
    (fp_text value 10u (at 0 1.68) (layer F.Fab)
      (effects (font (size 1 1) (thickness 0.15)))
    )
    (fp_line (start -1 0.625) (end -1 -0.625) (layer F.Fab) (width 0.1))
    (fp_line (start -1 -0.625) (end 1 -0.625) (layer F.Fab) (width 0.1))
    (fp_line (start 1 -0.625) (end 1 0.625) (layer F.Fab) (width 0.1))
    (fp_line (start 1 0.625) (end -1 0.625) (layer F.Fab) (width 0.1))
    (fp_line (start -0.261252 -0.735) (end 0.261252 -0.735) (layer F.SilkS) (width 0.12))
    (fp_line (start -0.261252 0.735) (end 0.261252 0.735) (layer F.SilkS) (width 0.12))
    (fp_line (start -1.7 0.98) (end -1.7 -0.98) (layer F.CrtYd) (width 0.05))
    (fp_line (start -1.7 -0.98) (end 1.7 -0.98) (layer F.CrtYd) (width 0.05))
    (fp_line (start 1.7 -0.98) (end 1.7 0.98) (layer F.CrtYd) (width 0.05))
    (fp_line (start 1.7 0.98) (end -1.7 0.98) (layer F.CrtYd) (width 0.05))
    (fp_text user %R (at 0 0) (layer F.Fab)
      (effects (font (size 0.5 0.5) (thickness 0.08)))
    )
    (pad 1 smd roundrect (at -0.95 0 180) (size 1 1.45) (layers F.Cu F.Paste F.Mask) (roundrect_rratio 0.25)
      (net 3 +5V))
    (pad 2 smd roundrect (at 0.95 0 180) (size 1 1.45) (layers F.Cu F.Paste F.Mask) (roundrect_rratio 0.25)
      (net 2 GND))
    (model ${KISYS3DMOD}/Capacitor_SMD.3dshapes/C_0805_2012Metric.wrl
      (at (xyz 0 0 0))
      (scale (xyz 1 1 1))
      (rotate (xyz 0 0 0))
    )
  )

  (module Capacitor_SMD:C_0603_1608Metric (layer B.Cu) (tedit 5F68FEEE) (tstamp 637C71C3)
    (at 101.5 96.3 90)
    (descr "Capacitor SMD 0603 (1608 Metric), square (rectangular) end terminal, IPC_7351 nominal, (Body size source: IPC-SM-782 page 76, https://www.pcb-3d.com/wordpress/wp-content/uploads/ipc-sm-782a_amendment_1_and_2.pdf), generated with kicad-footprint-generator")
    (tags capacitor)
    (path /6385C48B)
    (attr smd)
    (fp_text reference C9 (at 0 1.43 90) (layer B.SilkS)
      (effects (font (size 1 1) (thickness 0.15)) (justify mirror))
    )
    (fp_text value 100n (at 0 -1.43 90) (layer B.Fab)
      (effects (font (size 1 1) (thickness 0.15)) (justify mirror))
    )
    (fp_line (start -0.8 -0.4) (end -0.8 0.4) (layer B.Fab) (width 0.1))
    (fp_line (start -0.8 0.4) (end 0.8 0.4) (layer B.Fab) (width 0.1))
    (fp_line (start 0.8 0.4) (end 0.8 -0.4) (layer B.Fab) (width 0.1))
    (fp_line (start 0.8 -0.4) (end -0.8 -0.4) (layer B.Fab) (width 0.1))
    (fp_line (start -0.14058 0.51) (end 0.14058 0.51) (layer B.SilkS) (width 0.12))
    (fp_line (start -0.14058 -0.51) (end 0.14058 -0.51) (layer B.SilkS) (width 0.12))
    (fp_line (start -1.48 -0.73) (end -1.48 0.73) (layer B.CrtYd) (width 0.05))
    (fp_line (start -1.48 0.73) (end 1.48 0.73) (layer B.CrtYd) (width 0.05))
    (fp_line (start 1.48 0.73) (end 1.48 -0.73) (layer B.CrtYd) (width 0.05))
    (fp_line (start 1.48 -0.73) (end -1.48 -0.73) (layer B.CrtYd) (width 0.05))
    (fp_text user %R (at 0 0 90) (layer B.Fab)
      (effects (font (size 0.4 0.4) (thickness 0.06)) (justify mirror))
    )
    (pad 1 smd roundrect (at -0.775 0 90) (size 0.9 0.95) (layers B.Cu B.Paste B.Mask) (roundrect_rratio 0.25)
      (net 1 +3V3))
    (pad 2 smd roundrect (at 0.775 0 90) (size 0.9 0.95) (layers B.Cu B.Paste B.Mask) (roundrect_rratio 0.25)
      (net 2 GND))
    (model ${KISYS3DMOD}/Capacitor_SMD.3dshapes/C_0603_1608Metric.wrl
      (at (xyz 0 0 0))
      (scale (xyz 1 1 1))
